19
1	 0.000000000	 0.000000000	 1.000000000	 1	 0	  1.150e+11	  8.500e+03	    0.30	 0.009500000
 2	 0.000000000	 0.019000000	 1.000000000	 1	 0	  1.150e+11	  8.500e+03	    0.30	 0.009500000
 3	 0.019000000	 0.000000000	 1.000000000	 1	 0	  1.150e+11	  8.500e+03	    0.30	 0.009500000
 4	 0.019000000	 0.019000000	 1.000000000	 1	 0	  1.150e+11	  8.500e+03	    0.30	 0.009500000
 5	 0.038000000	 0.000000000	 1.000000000	 1	 0	  1.150e+11	  8.500e+03	    0.30	 0.009500000
 6	 0.038000000	 0.019000000	 1.000000000	 1	 0	  1.150e+11	  8.500e+03	    0.30	 0.009500000
 7	 -0.009500000	 0.000000000	 1.000000000	 2	 0	  3.100e+09	  1.500e+03	    0.35	 0.009500000
 8	 -0.009500000	 0.019000000	 1.000000000	 2	 0	  3.100e+09	  1.500e+03	    0.35	 0.009500000
 9	 0.047500000	 0.000000000	 1.000000000	 2	 0	  3.100e+09	  1.500e+03	    0.35	 0.009500000
 10	 0.047500000	 0.019000000	 1.000000000	 2	 0	  3.100e+09	  1.500e+03	    0.35	 0.009500000
 11	 0.000000000	 -0.009500000	 1.000000000	 2	 0	  3.100e+09	  1.500e+03	    0.35	 0.009500000
 12	 0.019000000	 -0.009500000	 1.000000000	 2	 0	  3.100e+09	  1.500e+03	    0.35	 0.009500000
 13	 0.038000000	 -0.009500000	 1.000000000	 2	 0	  3.100e+09	  1.500e+03	    0.35	 0.009500000
 14	 0.000000000	 0.028500000	 1.000000000	 2	 0	  3.100e+09	  1.500e+03	    0.35	 0.009500000
 15	 0.019000000	 0.028500000	 1.000000000	 2	 0	  3.100e+09	  1.500e+03	    0.35	 0.009500000
 16	 0.038000000	 0.028500000	 1.000000000	 2	 0	  3.100e+09	  1.500e+03	    0.35	 0.009500000
 17	 0.009500000	 0.009500000	 1.000000000	 1	 1	  1.150e+11	  8.500e+03	    0.30	 0.003935029
 18	 0.028500000	 0.009500000	 1.000000000	 1	 1	  1.150e+11	  8.500e+03	    0.30	 0.003935029
 19	 -0.016454483	 0.009500000	 1.000000000	 3	 0	  1.150e+11	  8.500e+03	    0.30	 0.009500000
 